9207 15321
12611 22
19612 19501
930 9710
6288 16123
12268 19423
7307 19682
12806 13371
3136 12553
9264 21806
24955 18668
20780 12386
5156 20716
12788 1356
11823 11964
15003 18174
23943 19462
6963 8365
20576 3099
4697 12425
16765 13276
12040 12135
18971 12165
10801 8312
7087 16131
9360 17546
5134 1058
18970 8375
3164 17113
18940 215
16032 23907
15951 8408
20574 9892
2465 24718
18924 1023
6941 113
11861 18034
6610 19682
25439 18736
12212 16433
20108 11400
20122 12938
24097 8155
5717 13322
17280 12070
24932 299
13174 2144
8669 5464
25060 12212
11967 3164
11030 934
13597 23351
178 12851
12927 16414
8280 13624
1941 9090
7829 9038
19741 19877
22476 22284
573 24614
15911 4575
16881 11141
21436 4135
2222 7893
8851 9937
12885 23363
23481 2511
16154 18297
7324 11785
12247 17794
3719 14599
25543 13859
10041 21409
11442 1711
6076 1074
19738 4814
19927 6907
22497 23297
17536 9606
24001 7515
9397 13153
11047 4793
25086 15846
888 2193
4703 7824
25271 9124
18444 14661
20532 23710
14485 8705
15814 14872
19573 19961
14157 22903
19865 10895
25408 6838
8857 2452
13711 491
18940 3939
3441 24009
13369 24835
17250 22299