21281 19423
10346 5078
13096 13142
13482 22901
14542 22793
5065 15714
13404 7023
8727 12507
6868 3283
19961 14807
16654 19114
2952 12781
10477 20780
11472 7956
22887 4164
1116 6305
3096 23967
24955 17655
6340 17807
6830 22887
20108 4513
17655 2952
24765 12135
25289 8072
19423 20108
8879 20562
4511 2741
914 1493
16654 21178
2774 20250
624 2654
6222 7650
272 2912
2952 21847
6456 3820
22887 23293
1293 18000
1023 15805
19645 15933
5131 6456
2741 11241
3651 19463
24955 19961
20511 339
16976 5812
21012 14540
24706 23674
20316 14870
18453 9656
20108 12851
25354 7204
25006 4550
10310 13056
3534 4639
3372 12851
9249 20250
12851 12365
25442 3386
18286 3096
20574 12710
12406 18543
3858 23161
1014 25902
2404 14709
18585 13619
3618 21798
5695 14403
10041 12781
10041 7956
3387 832
9025 21824
9017 20000
12938 13364
4273 6264
14870 7726
17286 17443
17414 14308
21309 15695
25359 9639
6411 22369
9572 5555
14430 18540
6774 2980
2846 9572
2980 22457
4673 10211
19297 4241
25439 6675
22903 23674
7578 23939
25540 16162
12722 24330
10113 16368
8072 6907
17385 10427
16393 20478
12654 9207
6154 10791
2287 25396
22018 9491
